0, 0.930
1, 0.872
2, 0.814
3, 0.795
4, 0.776
5, 0.758
6, 0.739
7, 0.721
8, 0.702
9, 0.683
10, 0.707
11, 0.731
12, 0.754
13, 0.778
14, 0.801
15, 0.825
16, 0.848
17, 0.872
18, 0.923
19, 0.975
20, 1.026
21, 1.078
22, 1.129
23, 1.180
24, 1.232
25, 1.283
26, 1.335
27, 1.386
28, 1.437
29, 1.501
30, 1.564
31, 1.627
32, 1.691
33, 1.754
34, 1.817
35, 1.881
36, 1.944
37, 1.993
38, 2.042
39, 2.090
40, 2.139
41, 2.188
42, 2.237
43, 2.285
44, 2.334
45, 2.382
46, 2.430
47, 2.478
48, 2.526
49, 2.575
0, 0.958
1, 0.916
2, 0.874
3, 0.831
4, 0.789
5, 0.765
6, 0.742
7, 0.719
8, 0.695
9, 0.699
10, 0.703
11, 0.707
12, 0.725
13, 0.744
14, 0.762
15, 0.780
16, 0.823
17, 0.867
18, 0.910
19, 0.954
20, 0.997
21, 1.051
22, 1.105
23, 1.159
24, 1.213
25, 1.267
26, 1.325
27, 1.383
28, 1.441
29, 1.499
30, 1.557
31, 1.620
32, 1.683
33, 1.745
34, 1.808
35, 1.871
36, 1.927
37, 1.982
38, 2.038
39, 2.094
40, 2.144
41, 2.195
42, 2.245
43, 2.296
44, 2.346
45, 2.392
46, 2.438
47, 2.484
48, 2.530
49, 2.575
